[[0, 1287, 2694, 316, 2455, 1817], [1287, 0, 1547, 1314, 1241, 1470], [2694, 1547, 0, 2806, 1498, 1543], [316, 1314, 2806, 0, 2389, 2073], [2455, 1241, 1498, 2389, 0, 2411], [1817, 1470, 1543, 2073, 2411, 0]]